[header]
width=14
height=10
tilewidth=16
tileheight=16
orientation=orthogonal

[tilesets]
tileset=../data/newtiledsheet.png,16,16,0,0

[layer]
type=Tile Layer 1
data=
3,1,1,1,1,1,1,4,0,0,0,0,0,0,
11,20,19,20,20,19,20,2,0,0,0,0,0,0,
11,19,20,19,29,28,21,2,0,0,0,0,0,0,
12,10,10,10,13,11,20,2,0,0,0,0,0,0,
3,1,1,1,1,30,19,2,0,0,0,0,0,0,
11,33,14,15,14,15,20,2,0,0,0,0,0,0,
12,10,10,10,10,10,10,13,0,0,0,0,0,0,
0,0,0,0,0,0,0,0,0,0,0,0,0,0,
0,0,0,0,0,0,0,0,0,0,0,0,0,0,
0,0,0,0,0,0,0,0,0,0,0,0,0,0

[layer]
type=Tile Layer 2
data=
0,0,0,0,0,0,0,0,0,0,0,0,0,0,
0,0,0,0,0,0,0,0,0,0,0,0,0,0,
0,0,0,0,0,0,0,0,0,0,0,0,0,0,
0,0,0,0,0,0,0,0,0,0,0,0,0,0,
0,0,0,0,0,0,0,0,0,0,0,0,0,0,
0,0,0,0,38,0,0,0,0,0,0,0,0,0,
0,0,0,0,0,0,0,0,0,0,0,0,0,0,
0,0,0,0,0,0,0,0,0,0,0,0,0,0,
0,0,0,0,0,0,0,0,0,0,0,0,0,0,
0,0,0,0,0,0,0,0,0,0,0,0,0,0

